00100000000010000000000000001010
00111100000000010001000000000001
00110100001000010000000000000000
00000000000000010100100000100000
10101101001010000000000000000000
10001101001100000000000000000000
00100000000100010000000000000001
00100000000100100000000000000001
00001000000100000000000000001001
00010110001100000000000000000010
01110010010100001001000000000010 
00001000000100000000000000001111
01110010010100011001000000000010 
00100010001100010000000000000001 
00001000000100000000000000001001
00111100000000010001000000000001
00110100001000010000000000100000
00000000000000010100000000100000
10101101000100100000000000000000
00100000000000100000000000001010
00000000000000000000000000001100