00100000000101010000000000000100
00100000000010000000000000000101
00111100000000010001000000000001
00110100001010010000000000000000
00000000000000001000000000100000
00100001000100011111111111111111
00000010000100010000100000101010
00010000001000000000000000011010
00000010000000001011100000100000
00100010000100100000000000000001
00001000000100000000000000010101
01110010101100000101100000000010
00000001011010010101100000100000 
10001101011011000000000000000000 
01110010101101110111000000000010
00000001110010010111000000100000
10001101110011010000000000000000
10101101011011010000000000000000
10101101110011000000000000000000
00100010000100000000000000000001
00001000000100000000000000000110
00000010010010000000100000101010
00010000001000001111111111110100
01110010101100100101100000000010
00000001011010010101100000100000
10001101011011000000000000000000
01110010101101110111000000000010
00000001110010010111000000100000
10001101110011010000000000000000
00000001100011010000100000101010
00010000001000000000000000000001
00000010010000001011100000100000
00100010010100100000000000000001
00001000000100000000000000010101
00100000000000100000000000001010
00000000000000000000000000001100