00100000000100000000000000000101
00100000000100010000000000101101
00111100000000010001000000000001
00110100001010010000000000000000
00100000000011110000000000000000
00100010000011101111111111111111
00000001110011110000100000101010
00010100001000000000000000010001
00000001111011100110100000100000
00000000000011010110100001000010
00000000000011010110000010000000
00000001100010010110000000100000
10001101100010110000000000000000
00010001011100010000000000000110
00000001011100010000100000101010
00010100001000000000000000000010
00100001101011101111111111111111
00001000000100000000000000000110
00100001101011110000000000000001
00001000000100000000000000000110
00111100000000010001000000000001
00110100001000010000000000100000
00000000000000010100000000100000
10101101000011010000000000000000
00001000000100000000000000011110
00100000000011011111111111111111
00111100000000010001000000000001
00110100001000010000000000100000
00000000000000010100000000100000
10101101000011010000000000000000
00100000000000100000000000001010
00000000000000000000000000001100 